[gd_scene load_steps=13 format=3 uid="uid://cgnvlqdbuyd6m"]

[ext_resource type="Texture2D" uid="uid://c8arnlq67qi7" path="res://assets/third_person_controller_assets-main/textures/grids/Dark/texture_05.png" id="1_jyhfs"]
[ext_resource type="Texture2D" uid="uid://cucgybt6ybemg" path="res://assets/third_person_controller_assets-main/textures/grids/Orange/texture_01.png" id="2_tbgi4"]
[ext_resource type="Texture2D" uid="uid://cm5m7nr7dugjd" path="res://assets/third_person_controller_assets-main/textures/grids/Purple/texture_09.png" id="3_tefeu"]
[ext_resource type="Texture2D" uid="uid://cgj3nr77eo0g" path="res://assets/third_person_controller_assets-main/textures/grids/Green/texture_06.png" id="4_o6xl0"]
[ext_resource type="PackedScene" uid="uid://dw5qyd6bmvqhm" path="res://scenes/player.tscn" id="5_tbgi4"]

[sub_resource type="ProceduralSkyMaterial" id="ProceduralSkyMaterial_tipki"]
sky_horizon_color = Color(0.662243, 0.671743, 0.686743, 1)
ground_horizon_color = Color(0.662243, 0.671743, 0.686743, 1)

[sub_resource type="Sky" id="Sky_85g3d"]
sky_material = SubResource("ProceduralSkyMaterial_tipki")

[sub_resource type="Environment" id="Environment_choun"]
background_mode = 2
sky = SubResource("Sky_85g3d")
tonemap_mode = 2
sdfgi_enabled = true
glow_enabled = true
fog_enabled = true
fog_light_color = Color(1, 1, 1, 1)
fog_density = 0.001

[sub_resource type="StandardMaterial3D" id="StandardMaterial3D_ya4ey"]
albedo_texture = ExtResource("1_jyhfs")
uv1_triplanar = true

[sub_resource type="StandardMaterial3D" id="StandardMaterial3D_eb6dy"]
albedo_texture = ExtResource("2_tbgi4")

[sub_resource type="StandardMaterial3D" id="StandardMaterial3D_trceg"]
albedo_texture = ExtResource("3_tefeu")
uv1_triplanar = true

[sub_resource type="StandardMaterial3D" id="StandardMaterial3D_a8y0u"]
albedo_texture = ExtResource("4_o6xl0")
uv1_triplanar = true

[node name="world" type="Node3D"]

[node name="DirectionalLight3D" type="DirectionalLight3D" parent="."]
transform = Transform3D(-0.866025, -0.433013, 0.25, 0, 0.5, 0.866025, -0.5, 0.75, -0.433013, 0, 0, 0)
shadow_enabled = true

[node name="WorldEnvironment" type="WorldEnvironment" parent="."]
environment = SubResource("Environment_choun")

[node name="map" type="Node3D" parent="."]

[node name="floor" type="CSGBox3D" parent="map"]
transform = Transform3D(1, 0, 0, 0, 1, 0, 0, 0, 1, 0, -0.6, 0)
material_override = SubResource("StandardMaterial3D_ya4ey")
use_collision = true
size = Vector3(1000, 1, 1000)

[node name="orangeBox" type="CSGBox3D" parent="map"]
transform = Transform3D(0.573576, 0, -0.819152, 0, 1, 0, 0.819152, 0, 0.573576, -5.8, 0.45, -1.9)
material_override = SubResource("StandardMaterial3D_eb6dy")
use_collision = true

[node name="purpleBox" type="CSGBox3D" parent="map"]
transform = Transform3D(0.965926, 0, 0.258819, 0, 1, 0, -0.258819, 0, 0.965926, 4.9, 0.95, 9.7)
material_override = SubResource("StandardMaterial3D_trceg")
use_collision = true
size = Vector3(2, 2, 2)

[node name="greenBox" type="CSGBox3D" parent="map"]
transform = Transform3D(-0.996195, 0, 0.0871557, 0, 1, 0, -0.0871557, 0, -0.996195, 4.76837e-07, 1.45, -8.4)
material_override = SubResource("StandardMaterial3D_a8y0u")
use_collision = true
size = Vector3(3, 3, 3)

[node name="Player" parent="." instance=ExtResource("5_tbgi4")]
transform = Transform3D(1, 0, 0, 0, 1, 0, 0, 0, 1, -0.676732, -0.0982821, -2.70309)
